Evaluating NGNN_GCN_64 on the whole dataset
precision: [0.99963867 0.00159413]
recall: [0.96867247 0.125     ]
fscore: [0.98391198 0.00314812]
support: [199920     80]
