Evaluating BuiltinGCN on the whole dataset

precision: [0.94681439 0.84058065 0.2981623 ]
recall: [0.8851379  0.7446313  0.76450208]
fscore: [0.91493791 0.78970217 0.42900789]
support: [119909  69989  10102]


Evaluating NGNN_GCN_32 on the whole dataset
precision: [0.97887137 0.91849255 0.29197482]
recall: [0.92033125 0.76366286 0.84022966]
fscore: [0.9486991  0.83395225 0.43335971]
support: [119909  69989  10102]


Evaluating NGNN_GCN_64 on the whole dataset
precision: [0.9917165  0.95762176 0.32595344]
recall: [0.95850186 0.77875095 0.87735102]
fscore: [0.97482634 0.85897325 0.47531708]
support: [119909  69989  10102]

Evaluating NGNN_GCN_128 on the whole dataset
precision: [0.99287489 0.96238736 0.29540629]
recall: [0.95642529 0.75383275 0.86764997]
fscore: [0.97430931 0.8454383  0.44075126]
support: [119909  69989  10102]
